20211019141642371
20211019141642621
20211019141642871
20211019141643371
20211019141643871
20211019141644121
202203120906118902
202203120906118903
202203120906118904
202203120906118906
202203120906118907
202203120906118908
202203120906118909
202203120906118911
202203120906118912
202203120906118913
202203120906118914
202203120906118916
202203120906118917
202203120906118918
202203120906118919
202203120906118921
202203120906118922
202203120906118923
202203120906118925
202203120906118926
202203120906119152
202203120906119154
202203120906119155
202203120906119156
202203120906119158
202203120906119159
202203120906119162
202203120906119163
202203120906119164
202203120906119166
202203120906119167
202203120906119168
202203120906119169
202203120906119171
202203120906119172
202203120906119173
202203120906119176
202203120906119402
202203120906119403
202203120906119405
202203120906119406
202203120906119409
202203120906119412
202203120906119414
202203120906119416
202203120906119417
202203120906119419
202203120906119421
202203120906119422
202203120906119423
202203120906119425
202203120906119426
202203120906119652
202203120906119653
202203120906119654
202203120906119656
202203120906119657
202203120906119658
202203120906119659
202203120906119661
202203120906119664
202203120906119666
202203120906119667
202203120906119668
202203120906119672
202203120906119673
202203120906119675
202203120906119902
202203120906119903
202203120906119904
202203120906119905
202203120906119906
202203120906119907
202203120906119908
202203120906119909
202203120906119911
202203120906119912
202203120906119913
202203120906119914
202203120906119916
202203120906119917
202203120906119918
202203120906119921
202203120906119922
202203120906119923
202203120906119926
202203120906120152
202203120906120153
202203120906120154
202203120906120155
202203120906120156
202203120906120157
202203120906120158
202203120906120159
202203120906120161
202203120906120162
202203120906120163
202203120906120164
202203120906120166
202203120906120167
202203120906120169
202203120906120171
202203120906120173
202203120906120175
202203120906120402
202203120906120404
202203120906120405
202203120906120406
202203120906120407
202203120906120408
202203120906120409
202203120906120416
202203120906120418
202203120906120419
202203120906120421
202203120906120422
202203120906120425
202203120906120652
202203120906120655
202203120906120657
202203120906120659
202203120906120663
202203120906120666
202203120906120667
202203120906120668
202203120906120672
202203120906120673
202203120906120675
202203120906120676
202203120906120902
202203120906120903
202203120906120904
202203120906120905
202203120906120907
202203120906120908
202203120906120911
202203120906120913
202203120906120914
202203120906120916
202203120906120919
202203120906120921
202203120906120922
202203120906120923
202203120906120926
202203120906121152
202203120906121153
202203120906121154
202203120906121155
202203120906121156
202203120906121158
202203120906121159
202203120906121161
202203120906121162
202203120906121163
202203120906121164
202203120906121166
202203120906121167
202203120906121168
202203120906121169
202203120906121171
202203120906121172
202203120906121173
202203120906121175
202203120906121176
20220312090612143
20220312090612393
20220312090612643
20220312090612893
20220312090613143
20220312090613393
20220312090613643
20220312090614143
20220312090614393
20220312090626120
20220312090626370
20220312090626620
20220312090626870
20220312090627120
20220312090627370
20220312090627620
20220312090628120
20220312090628370
202203120906330850
202203120906330851
202203120906330852
202203120906330853
202203120906330856
202203120906330858
202203120906331100
202203120906331101
202203120906331102
202203120906331106
202203120906331108
202203120906331128
202203120906331352
202203120906331356
202203120906331358
202203120906331378
202203120906331601
202203120906331602
202203120906331603
202203120906331606
202203120906331608
202203120906331628
202203120906331852
202203120906331856
202203120906331858
202203120906331878
202203120906332100
202203120906332101
202203120906332102
202203120906332103
202203120906332106
202203120906332108
202203120906332128
202203120906332351
202203120906332352
202203120906332353
202203120906332358
202203120906332378
202203120906332600
202203120906332602
202203120906332603
202203120906332606
202203120906332628
202203120906332850
202203120906332851
202203120906332852
202203120906332853
202203120906332856
202203120906332858
202203120906333101
202203120906333102
202203120906333103
202203120906333106
202203120906333128
20220312090633336
20220312090633586
20220312090634086
20220312090634336
20220312090634586
20220312090634836
20220312090635086
20220312090635336
20220312090635586
20220312090640729
20220312090640979
20220312090641229
20220312090641729
20220312090641979
20220312090642229
20220312090642479
20220312090648947
20220312090649197
20220312090649947
20220312090650197
20220312090650697
20220312090650947
20220312090656650
20220312090657400
20220312090657650
20220312090657900
20220312090658400
20220312090658650
20220312090658900
2022031209142846103
2022031209142846104
2022031209142846353
2022031209142846354
2022031209142846603
2022031209142846604
2022031209142846854
2022031209142847103
2022031209142847104
2022031209142847353
2022031209142847354
2022031209142847603
2022031209142847604
2022031209142847853
2022031209142847854
2022031209142848103
2022031209142848353
2022031209142848354
202203120914284862
202203120914285362
202203120914286362
202203120914286612
202203120914286862
202203120914287112
20220312091428738
20220312091428988
20220312091429738
20220312091429988
20220312091430238
20220312091430488
20220312091430988
2022031209143706892
2022031209143707142
2022031209143707392
2022031209143707642
2022031209143707892
2022031209143708142
2022031209143708392
2022031209143708642
2022031209143708892
2022031209143709142
202203120914371441
202203120914371691
202203120914372191
202203120914372441
202203120914372941
202203120914373191
20220312091437596
20220312091438346
20220312091438846
20220312091439096
20220312091439346
20220312091439596
202203120919126904
202203120919127154
202203120919127404
202203120919127654
202203120919127904
202203120919128154
202203120919128404
202203120919128654
20220312091912942
20220312091913442
20220312091913692
20220312091913942
20220312091914192
20220312091914442
20220312091914692
20220312091914942
20220312091915192
20220312091920126
20220312091920376
20220312091920626
20220312091920876
20220312091921126
20220312091921876
20220312091922126
20220312091922376
202203120919309951
202203120919310201
202203120919310451
202203120919310701
202203120919311201
202203120919311451
202203120919311701
202203120919311951
202203120919312201
20220312091931247
20220312091931497
20220312091931747
20220312091931997
20220312091932247
20220312091932497
20220312091932747
20220312091932997
20220312091933247
20220312091933497
202203120919390061
202203120919390811
202203120919391061
202203120919391311
20220312091939433
20220312091939683
20220312091939933
20220312091940183
20220312091940433
20220312091940683
20220312091941183
20220312091941433
20220312091947922
20220312091948172
20220312091948422
20220312091948672
20220312091948922
20220312091949172
20220312091949672
20220312091949922
20220312091955752
20220312091956002
20220312091956252
20220312091956502
20220312091956752
20220312091957002
20220312091957252
20220312091957752
20220312092036372
20220312092036872
20220312092037122
20220312092037372
20220312092037622
20220312092037872
20220312092038122
20220312092038372
20220312092038622
2022031209204501203
2022031209204501453
2022031209204501703
2022031209204501953
2022031209204502203
2022031209204502453
2022031209204502703
2022031209204502953
202203120920450322
202203120920450822
202203120920451572
202203120920451822
202203120920452072
202203120920452322
202203120920452572
20220312092045284
20220312092045534
20220312092046284
20220312092046534
20220312092047034
20220312092047284
20220312092047534
202203120920583532
202203120920583782
202203120920584282
202203120920584532
202203120920584782
202203120920585032
202203120920585282
202203120920585532
202203120920585782
202203120921076571
202203120921076821
202203120921077071
202203120921077321
202203120921077571
202203120921077821
202203120921078071
202203120921078571
202203120921078821
20220312092108159
20220312092108659
20220312092108909
20220312092109159
20220312092109409
20220312092109909
20220312092110159
202203120921158981
202203120921159231
202203120921159481
202203120921159981
202203120921160231
202203120921160481
202203120921160731
202203120921160981
202203120921161231
20220312092116150
20220312092116400
20220312092116650
20220312092116900
20220312092117150
20220312092117400
20220312092117650
20220312092117900
20220312092118150
202203120921237301
202203120921237801
202203120921238051
202203120921238301
202203120921238551
202203120921238801
202203120921239301
20220312092123982
20220312092124232
20220312092124732
20220312092124982
20220312092125232
20220312092125482
20220312092125732
202203120922205841
202203120922206091
202203120922206341
202203120922206591
202203120922206841
202203120922207091
202203120922207341
202203120922207841
20220312092220811
20220312092221061
20220312092221561
20220312092221811
20220312092222061
20220312092222311
20220312092223061
20220312092321439
20220312092321689
20220312092321939
20220312092322189
20220312092322439
20220312092322939
20220312092323189
20220312092323689
202203120923454521
202203120923454771
202203120923455021
202203120923455271
202203120923455521
202203120923456021
202203120923456271
202203120923456771
20220312092345704
20220312092345954
20220312092346204
20220312092346704
20220312092346954
20220312092347204
20220312092347454
20220312092347704
20220312092347954
20220312092357845
20220312092358095
20220312092358345
20220312092358595
20220312092358845
20220312092359095
20220312092359595
202203120924107021
202203120924107271
202203120924107771
202203120924108021
202203120924108271
202203120924108521
202203120924108771
202203120924109021
202203120924109271
20220312092410954
20220312092411204
20220312092411454
20220312092411954
20220312092412204
20220312092412454
20220312092412704
20220312092413204
20220312092442685
20220312092442935
20220312092443185
20220312092443435
20220312092443685
20220312092443935
20220312092444185
20220312092444435
20220312092444685
20220312092444935
20220312092450813
20220312092451063
20220312092451313
20220312092451563
20220312092451813
20220312092452063
20220312092452563
20220312092452813
20220312092453063
20220312092457070
20220312092457320
20220312092457570
20220312092457820
20220312092458070
20220312092458320
20220312092458570
20220312092458820
20220312092459070
20220312092459320
20220312092507584
20220312092507834
20220312092508084
20220312092508334
20220312092508834
20220312092509084
20220312092509584
202203120925208832
202203120925209082
202203120925209332
202203120925209582
202203120925209832
202203120925210582
202203120925210832
202203120925211082
20220312092521135
20220312092521385
20220312092521635
20220312092522135
20220312092522385
20220312092522635
20220312092523135
20220312092523385
202203120925298994
202203120925299244
202203120925299494
202203120925299744
202203120925300244
202203120925300494
202203120925300744
202203120925300994
202203120925301244
20220312092530401
20220312092530901
20220312092531651
20220312092531901
20220312092532151
202203120925377493
202203120925377993
202203120925378243
202203120925378493
202203120925379243
202203120925379493
20220312092537976
20220312092538226
20220312092538476
20220312092538726
20220312092538976
20220312092539226
20220312092539476
20220312092540226
202203120925496221
202203120925496471
202203120925496721
202203120925496971
202203120925497221
202203120925497471
202203120925497721
202203120925497971
202203120925498221
202203120925498471
20220312092550374
20220312092550874
20220312092551124
20220312092551624
20220312092551874
20220312092552124
202203120926273524
202203120926273774
202203120926274024
202203120926274274
202203120926274524
202203120926274774
202203120926275524
202203120926275774
20220312092627604
20220312092627854
20220312092628604
20220312092628854
20220312092629104
20220312092629604
20220312092629854
202203120926341043
202203120926341293
202203120926341793
202203120926342293
202203120926342543
202203120926342793
202203120926343293
20220312092634356
20220312092634856
20220312092635106
20220312092635356
20220312092635606
20220312092635856
20220312092636106
20220312092636356
20220312092636606
202203120926403281
202203120926403531
202203120926404031
202203120926404281
202203120926404531
202203120926404781
202203120926405031
202203120926405281
202203120926405531
20220312092640580
20220312092640830
20220312092641080
20220312092641330
20220312092641830
20220312092642080
20220312092642330
20220312092642580
20220312092642830
20220312092647437
20220312092647937
20220312092648187
20220312092648687
20220312092648937
20220312092649187
20220312092649437
202203120926539471
202203120926539721
202203120926539971
202203120926540221
202203120926540721
202203120926541221
202203120926541471
202203120926541721
20220312092654199
20220312092654699
20220312092655699
20220312092655949
20220312092656449
202203120927040991
202203120927040994
202203120927041241
202203120927041491
202203120927041494
202203120927041741
202203120927041744
202203120927041991
202203120927041994
202203120927042241
202203120927042491
202203120927042494
202203120927042741
202203120927042744
202203120927042991
202203120927042994
202203120927043241
202203120927043244
20220312092704351
20220312092704601
20220312092704851
20220312092705101
20220312092705351
20220312092705601
20220312092705851
20220312092706101
20220312092706351
20220312092706601
202203120927105804
202203120927105805
202203120927106054
202203120927106055
202203120927106304
202203120927106305
202203120927106554
202203120927106555
202203120927106804
202203120927106805
202203120927107054
202203120927107055
202203120927107304
202203120927107305
202203120927107554
202203120927107555
202203120927107805
202203120927108054
202203120927108055
20220312092710832
20220312092711082
20220312092711332
20220312092711582
20220312092712082
20220312092712332
20220312092712582
20220312092712832
20220312092713082
202203120927567584
202203120927567834
202203120927568084
202203120927568334
202203120927568584
202203120927568834
202203120927569084
202203120927569834
20220312092757510
20220312092758010
20220312092758260
20220312092758510
20220312092758760
20220312092759010
20220312092759260
202203120928051342
202203120928051842
202203120928052092
202203120928052342
202203120928052842
202203120928053092
202203120928053342
20220312092805386
20220312092805636
20220312092805886
20220312092806136
20220312092806386
20220312092806636
20220312092806886
20220312092807136
20220312092807386
20220312092807636
202203120928139512
202203120928139762
202203120928140012
202203120928140262
202203120928140512
202203120928140762
202203120928141012
202203120928141262
202203120928141512
202203120928141762
20220312092814203
20220312092814453
20220312092814703
20220312092814953
20220312092815203
20220312092815453
20220312092816203
20220312092816453
202203120928228721
202203120928228723
202203120928228971
202203120928228973
202203120928229221
202203120928229223
202203120928229471
202203120928229473
202203120928229721
202203120928229723
202203120928229971
202203120928229973
202203120928230223
202203120928230471
202203120928230473
202203120928230721
202203120928230723
202203120928230971
202203120928230973
20220312092823374
20220312092823874
20220312092824124
20220312092824374
20220312092824624
20220312092824874
20220312092825124
20220312092825374
202203120928311534
202203120928312033
202203120928312282
202203120928312283
202203120928312284
202203120928312532
202203120928312534
202203120928312782
202203120928312783
202203120928312784
202203120928313032
202203120928313033
202203120928313034
202203120928313282
202203120928313283
202203120928313284
202203120928313532
202203120928313533
202203120928313534
202203120928313782
202203120928313783
202203120928313784
20220312092831405
20220312092831655
20220312092831905
20220312092832155
20220312092832405
20220312092832655
20220312092832905
20220312092833155
20220312092833405
20220312092833655
202203120929276681
202203120929276683
202203120929276931
202203120929276933
202203120929277183
202203120929277431
202203120929277433
202203120929277681
202203120929277683
202203120929278181
202203120929278183
202203120929278431
202203120929278433
202203120929278681
202203120929278683
202203120929278931
202203120929278933
20220312092927920
20220312092928170
20220312092928420
20220312092928670
20220312092928920
20220312092929420
20220312092930170
2022031209294217304
2022031209294217554
2022031209294217804
2022031209294218054
2022031209294218304
2022031209294218554
2022031209294218804
2022031209294219054
2022031209294219304
2022031209294219554
202203120929422232
202203120929422482
202203120929422732
202203120929422982
202203120929423232
202203120929423732
202203120929423982
202203120929424232
20220312092942700
20220312092942950
20220312092943200
20220312092943700
20220312092943950
20220312092944200
20220312092944450
20220312092944700
2022031209295029292
2022031209295029542
2022031209295029792
2022031209295030042
2022031209295030292
2022031209295030542
2022031209295030792
2022031209295031042
2022031209295031292
2022031209295031542
202203120929503185
202203120929503435
202203120929503685
202203120929503935
202203120929504185
202203120929504685
202203120929504935
20220312092950570
20220312092950820
20220312092951070
20220312092951320
20220312092951570
20220312092952570
202203120929593272
202203120929593273
202203120929593523
202203120929593772
202203120929593773
202203120929594022
202203120929594023
202203120929594272
202203120929594273
202203120929594522
202203120929594772
202203120929595022
202203120929595272
202203120929595273
202203120929595522
202203120929595523
20220312092959579
20220312092959829
20220312092960079
20220312092960579
20220312092960829
20220312092961079
20220312092961329
20220312092961579
20220312092961829
202203120930079991
202203120930079994
202203120930080241
202203120930080244
202203120930080491
202203120930080741
202203120930080744
202203120930080991
202203120930080994
202203120930081244
202203120930081491
202203120930081744
202203120930081994
20220312093008501
20220312093009001
20220312093009251
20220312093009501
20220312093009751
20220312093010001
20220312093010251
20220312093010501
202203120930154161
202203120930154164
202203120930154411
202203120930154414
202203120930154661
202203120930154664
202203120930154911
202203120930154914
202203120930155161
202203120930155164
202203120930155411
202203120930155661
202203120930155664
202203120930155911
202203120930155914
202203120930156161
202203120930156164
202203120930156411
202203120930156414
20220312093015918
20220312093016168
20220312093016418
20220312093016668
20220312093017168
20220312093017418
20220312093017918
202203120930234481
202203120930234484
202203120930234731
202203120930234734
202203120930234981
202203120930234984
202203120930235231
202203120930235234
202203120930235481
202203120930235731
202203120930235734
202203120930235981
202203120930235984
202203120930236231
202203120930236481
202203120930236484
202203120930236734
20220312093023700
20220312093023950
20220312093024200
20220312093024700
20220312093024950
20220312093025200
20220312093025450
20220312093025700
20220312093025950
202203120930300254
202203120930300501
202203120930300504
202203120930300751
202203120930300754
202203120930301001
202203120930301004
202203120930301254
202203120930301504
202203120930301751
202203120930301754
202203120930302001
202203120930302004
202203120930302254
202203120930302504
20220312093030277
20220312093030527
20220312093031027
20220312093031277
20220312093031777
20220312093032027
20220312093032277
20220312093032527
202203120930406731
202203120930406981
202203120930407231
202203120930407481
202203120930407731
202203120930408231
202203120930408481
202203120930408731
202203120930408981
20220312093040925
20220312093041175
20220312093041675
20220312093042175
20220312093042425
20220312093042675
20220312093042925
20220312093043175
202203120931047644
202203120931047894
202203120931048394
202203120931049144
202203120931049394
20220312093105016
20220312093105266
20220312093106016
20220312093106516
20220312093106766
20220312093107016
20220312093107266
20220312093113122
20220312093113872
20220312093114372
20220312093114622
20220312093114872
20220312093115122
2022031209312053194
2022031209312053444
2022031209312053694
2022031209312054194
2022031209312054444
2022031209312054694
2022031209312054944
2022031209312055194
2022031209312055444
202203120931205571
202203120931205821
202203120931206321
202203120931206571
202203120931206821
202203120931207071
202203120931207571
202203120931207821
20220312093120809
20220312093121059
20220312093121309
20220312093121559
20220312093121809
20220312093122059
20220312093122309
20220312093122559
20220312093122809
202203120931310215
202203120931310465
202203120931310467
202203120931310715
202203120931310717
202203120931310965
202203120931310967
202203120931311215
202203120931311217
202203120931311465
202203120931311467
202203120931311715
202203120931311717
202203120931311967
202203120931312215
202203120931312217
202203120931312465
202203120931312467
20220312093131273
20220312093131523
20220312093132023
20220312093132523
20220312093132773
20220312093133023
20220312093133273
2022031209314115736
2022031209314115986
2022031209314116236
2022031209314116486
2022031209314116736
2022031209314116986
2022031209314117236
2022031209314117486
2022031209314117736
2022031209314117986
202203120931412075
202203120931412825
202203120931413075
202203120931413575
202203120931414075
20220312093141434
20220312093141934
20220312093142184
20220312093142434
20220312093142684
20220312093142934
20220312093143184
20220312093143684
2022031209314610904
2022031209314611404
2022031209314611654
2022031209314611904
2022031209314612154
2022031209314612404
2022031209314612654
2022031209314612904
2022031209314613154
202203120931461342
202203120931461592
202203120931461842
202203120931462092
202203120931462342
202203120931462592
202203120931462842
202203120931463092
202203120931463342
202203120931463592
20220312093146386
20220312093146636
20220312093147136
20220312093147636
20220312093147886
20220312093148136
20220312093148636
2022031209315485314
2022031209315485317
2022031209315485564
2022031209315485567
2022031209315485814
2022031209315485817
2022031209315486067
2022031209315486314
2022031209315486317
2022031209315486814
2022031209315487064
2022031209315487314
2022031209315487317
2022031209315487564
2022031209315487567
202203120931548783
202203120931549033
202203120931549283
202203120931549533
202203120931549783
202203120931550033
202203120931550283
202203120931550533
202203120931551033
20220312093155130
20220312093155380
20220312093155630
20220312093155880
20220312093156130
20220312093156380
20220312093156630
20220312093156880
20220312093157380
202203120932453225
202203120932453475
202203120932453723
202203120932453725
202203120932453973
202203120932453975
202203120932454223
202203120932454225
202203120932454473
202203120932454475
202203120932454723
202203120932454725
202203120932454973
202203120932455223
202203120932455225
202203120932455473
202203120932455475
20220312093246074
20220312093246574
20220312093246824
20220312093247574
20220312093247824
2022031209361754392
2022031209361754642
2022031209361754892
2022031209361755392
2022031209361755642
2022031209361755892
2022031209361756392
202203120936175691
202203120936176191
202203120936176441
202203120936176691
202203120936176941
202203120936177191
202203120936177441
202203120936177691
202203120936177941
20220312093617821
20220312093618071
20220312093618571
20220312093618821
20220312093619321
20220312093619571
20220312093619821
20220312093620071
202203120938008644
202203120938008894
202203120938009144
202203120938009644
202203120938009894
202203120938010144
202203120938010644
202203120938010894
20220312093801116
20220312093801366
20220312093801616
20220312093801866
20220312093802366
20220312093802616
20220312093802866
20220312093803116
20220312093803366
2022031209381423443
2022031209381423693
2022031209381424193
2022031209381424443
2022031209381424693
2022031209381424943
2022031209381425193
2022031209381425443
202203120938142571
202203120938142821
202203120938143071
202203120938143321
202203120938143571
202203120938144071
202203120938144571
202203120938144821
20220312093814509
20220312093815009
20220312093815259
20220312093815509
20220312093815759
20220312093816009
20220312093816259
20220312093816759
202203120938240181
202203120938240431
202203120938240931
202203120938241181
202203120938241431
202203120938241681
202203120938241931
202203120938242181
202203120938242431
20220312093824270
20220312093824770
20220312093825020
20220312093825270
20220312093825520
20220312093825770
20220312093826020
20220312093826520
202203120938321621
202203120938321871
202203120938322121
202203120938322371
202203120938322871
202203120938323121
202203120938323371
202203120938323621
202203120938323871
20220312093832414
20220312093832664
20220312093832914
20220312093833164
20220312093833414
20220312093833664
20220312093833914
20220312093834664
202203120938437156
202203120938437403
202203120938437406
202203120938437653
202203120938437656
202203120938437903
202203120938437906
202203120938438153
202203120938438156
202203120938438653
202203120938438903
202203120938438906
202203120938439153
202203120938439403
202203120938439406
20220312093843967
20220312093844217
20220312093844717
20220312093844967
20220312093845217
20220312093845467
20220312093845717
20220312093845967
20220312093846217
202203120939005334
202203120939005336
202203120939005834
202203120939005836
202203120939006084
202203120939006086
202203120939006334
202203120939006336
202203120939006584
202203120939006586
202203120939006834
202203120939007084
202203120939007584
202203120939007586
20220312093900785
20220312093901035
20220312093901285
20220312093901535
20220312093901785
20220312093902035
20220312093902285
20220312093902535
20220312093902785
20220312093903035
202203120939076934
202203120939076935
202203120939077184
202203120939077185
202203120939077434
202203120939077435
202203120939077685
202203120939077934
202203120939077935
202203120939078184
202203120939078185
202203120939078434
202203120939078435
202203120939078684
202203120939078685
202203120939078934
202203120939078935
202203120939079185
202203120939142941
202203120939142943
202203120939143191
202203120939143441
202203120939143443
202203120939143693
202203120939143941
202203120939143943
202203120939144191
202203120939144193
202203120939144441
202203120939144443
202203120939144691
202203120939144693
202203120939144941
202203120939144943
202203120939145191
202203120939145193
20220312093914546
20220312093914796
20220312093915046
20220312093915296
20220312093915546
20220312093915796
20220312093916046
20220312093916296
20220312093916546
20220312093916796
202203120939236305
202203120939236555
202203120939236805
202203120939236806
202203120939237055
202203120939237056
202203120939237305
202203120939237306
202203120939237556
202203120939237806
202203120939238056
202203120939238305
202203120939238306
202203120939238556
20220312093923882
20220312093924132
20220312093924382
20220312093924632
20220312093925382
20220312093925882
20220312093926132
202203120939306073
202203120939306074
202203120939306323
202203120939306324
202203120939306573
202203120939306823
202203120939306824
202203120939307073
202203120939307323
202203120939307324
202203120939307573
202203120939307574
202203120939307823
202203120939308073
202203120939308074
202203120939308323
202203120939308324
20220312093930859
20220312093931109
20220312093931359
20220312093931609
20220312093931859
20220312093932359
20220312093932609
20220312093932859
20220312093933109
202203120940306351
202203120940306352
202203120940306601
202203120940306602
202203120940306851
202203120940307101
202203120940307601
202203120940307602
202203120940307851
202203120940307852
202203120940308101
202203120940308102
202203120940308351
202203120940308601
202203120940308602
20220312094030887
20220312094031137
20220312094031387
20220312094031637
20220312094031887
20220312094032137
20220312094032387
20220312094032637
20220312094032887
20220312094033137
20220312094038441
20220312094038691
20220312094038941
20220312094039191
20220312094039441
20220312094039691
20220312094039941
20220312094040191
20220312094040441
202203120940522922
202203120940522923
202203120940523422
202203120940523423
202203120940523672
202203120940523673
202203120940523922
202203120940523923
202203120940524172
202203120940524173
202203120940524422
202203120940524423
202203120940524672
202203120940524673
202203120940524923
202203120940525173
20220312094052544
20220312094053044
20220312094053544
20220312094053794
20220312094054044
20220312094054294
20220312094054544
20220312094054794
202203120940590931
202203120940590933
202203120940590934
202203120940591181
202203120940591182
202203120940591183
202203120940591184
202203120940591432
202203120940591433
202203120940591683
202203120940591684
202203120940591931
202203120940591932
202203120940591934
202203120940592181
202203120940592182
202203120940592184
202203120940592431
202203120940592432
202203120940592433
202203120940592434
202203120940592681
202203120940592682
202203120940592931
202203120940592933
202203120940593181
202203120940593182
202203120940593183
202203120940593184
20220312094059345
20220312094059595
20220312094059845
20220312094060095
20220312094060345
20220312094060595
20220312094060845
20220312094061095
20220312094061345
20220312094061595
202203120941120784
202203120941121033
202203120941121283
202203120941121284
202203120941121534
202203120941121783
202203120941122033
202203120941122034
202203120941122284
202203120941122533
202203120941122534
202203120941122784
20220312094112305
20220312094112555
20220312094112805
20220312094113055
20220312094113555
20220312094113805
20220312094114305
20220312094114555
202203120941194301
202203120941194551
202203120941194553
202203120941194801
202203120941195051
202203120941195053
202203120941195301
202203120941195551
202203120941195553
202203120941195801
202203120941195803
202203120941196051
202203120941196053
202203120941196303
202203120941196553
20220312094119682
20220312094120432
20220312094120682
20220312094120932
20220312094121182
20220312094121432
20220312094121682
20220312094121932
202203120941262872
202203120941262874
202203120941263122
202203120941263124
202203120941263372
202203120941263374
202203120941263622
202203120941263872
202203120941263874
202203120941264122
202203120941264124
202203120941264374
202203120941264622
202203120941264624
202203120941264872
202203120941265124
20220312094126539
20220312094126789
20220312094127039
20220312094127289
20220312094127539
20220312094127789
20220312094128289
20220312094128539
20220312094128789
202203120941347683
202203120941347931
202203120941348181
202203120941348183
202203120941348431
202203120941348433
202203120941348681
202203120941348683
202203120941348931
202203120941348933
202203120941349181
202203120941349183
202203120941349433
202203120941349681
202203120941349683
202203120941349931
202203120941349933
20220312094135020
20220312094135270
20220312094135520
20220312094135770
20220312094136020
20220312094136270
20220312094136520
20220312094136770
20220312094137020
20220312094137270
202203120941425522
202203120941425524
202203120941425772
202203120941425774
202203120941426022
202203120941426272
202203120941426274
202203120941426522
202203120941426524
202203120941426772
202203120941427022
202203120941427024
202203120941427272
202203120941427522
202203120941427524
202203120941427772
202203120941427774
20220312094142804
20220312094143054
20220312094143304
20220312094144304
20220312094144804
20220312094145054
202203120941486001
202203120941486003
202203120941486253
202203120941486501
202203120941486503
202203120941486751
202203120941486753
202203120941487003
202203120941487253
202203120941487501
202203120941487751
202203120941487753
202203120941488001
202203120941488003
202203120941488251
202203120941488253
20220312094149102
20220312094149352
20220312094149602
20220312094150102
20220312094150352
20220312094150602
20220312094151102
202203120941555054
202203120941555056
202203120941555303
202203120941555304
202203120941555306
202203120941555553
202203120941555554
202203120941555556
202203120941555803
202203120941555804
202203120941556053
202203120941556054
202203120941556056
202203120941556303
202203120941556304
202203120941556306
202203120941556554
202203120941556556
202203120941556803
202203120941556804
202203120941557053
202203120941557054
202203120941557056
202203120941557303
202203120941557304
202203120941557306
20220312094155757
20220312094156007
20220312094156257
20220312094156757
20220312094157007
20220312094157257
20220312094157507
20220312094157757
20220312094158007
202203120942022011
202203120942022013
202203120942022014
202203120942022264
202203120942022511
202203120942022513
202203120942022514
202203120942022761
202203120942022763
202203120942022764
202203120942023011
202203120942023261
202203120942023263
202203120942023264
202203120942023511
202203120942023514
202203120942023761
202203120942023763
202203120942023764
202203120942024011
202203120942024013
202203120942024014
202203120942024261
202203120942024264
20220312094202453
20220312094203203
20220312094203453
20220312094203703
20220312094204453
202203120942130671
202203120942130672
202203120942130673
202203120942130675
202203120942130921
202203120942130922
202203120942130923
202203120942131171
202203120942131172
202203120942131173
202203120942131175
202203120942131421
202203120942131423
202203120942131425
202203120942131671
202203120942131672
202203120942131673
202203120942131675
202203120942131921
202203120942131922
202203120942131923
202203120942131925
202203120942132171
202203120942132172
202203120942132173
202203120942132175
202203120942132421
202203120942132423
202203120942132425
202203120942132671
202203120942132672
202203120942132673
202203120942132675
202203120942132921
202203120942132923
202203120942132925
20220312094213319
20220312094213569
20220312094214069
20220312094214319
20220312094214569
20220312094215319
2022031209423359392
2022031209423359395
2022031209423359642
2022031209423359645
2022031209423359892
2022031209423359895
2022031209423360142
2022031209423360145
2022031209423360392
2022031209423360642
2022031209423360645
2022031209423360895
2022031209423361142
2022031209423361145
2022031209423361392
2022031209423361395
2022031209423361642
2022031209423361645
202203120942336191
202203120942336441
202203120942336691
202203120942336941
202203120942337441
202203120942337691
202203120942338191
202203120942338441
20220312094233871
20220312094234371
20220312094234871
20220312094235371
20220312094235621
20220312094235871
20220312094236121
2022031209424154604
2022031209424154606
2022031209424154854
2022031209424154856
2022031209424155104
2022031209424155106
2022031209424155354
2022031209424155356
2022031209424155604
2022031209424155606
2022031209424155856
2022031209424156104
2022031209424156106
2022031209424156354
2022031209424156356
2022031209424156604
2022031209424156854
202203120942415712
202203120942415962
202203120942416212
202203120942416462
202203120942416712
202203120942416962
202203120942417212
202203120942417462
202203120942417712
202203120942417962
20220312094241823
20220312094242073
20220312094242323
20220312094242573
20220312094243073
20220312094243323
20220312094243573
20220312094243823
20220312094244073
202203120942542692
202203120942542693
202203120942542695
202203120942542696
202203120942542942
202203120942542943
202203120942542945
202203120942543192
202203120942543195
202203120942543196
202203120942543442
202203120942543443
202203120942543445
202203120942543692
202203120942543695
202203120942543696
202203120942543942
202203120942543945
202203120942543946
202203120942544193
202203120942544196
202203120942544442
202203120942544443
202203120942544445
202203120942544446
202203120942544692
202203120942544693
202203120942544695
202203120942544942
202203120942544945
202203120942544946
20220312094254521
20220312094254771
20220312094255021
20220312094255271
20220312094255521
20220312094255771
20220312094256021
20220312094256271
20220312094256521
20220312094256771
202203120943016461
202203120943016464
202203120943016711
202203120943016714
202203120943016961
202203120943017211
202203120943017214
202203120943017461
202203120943017464
202203120943017711
202203120943017714
202203120943018214
202203120943018461
202203120943018464
202203120943018711
202203120943018714
20220312094302398
20220312094302648
20220312094302898
20220312094303148
20220312094303398
20220312094303648
20220312094304148
202203120943234232
202203120943234237
202203120943234482
202203120943234487
202203120943234732
202203120943234987
202203120943235237
202203120943235487
202203120943235732
202203120943235982
202203120943235987
202203120943236232
202203120943236237
202203120943236482
202203120943236487
20220312094323925
20220312094324175
20220312094324675
20220312094324925
20220312094325175
20220312094325425
20220312094325925
202203120943306073
202203120943306078
202203120943306323
202203120943306324
202203120943306328
202203120943306573
202203120943306578
202203120943306824
202203120943306828
202203120943307074
202203120943307078
202203120943307573
202203120943307578
202203120943307823
202203120943307824
202203120943307828
202203120943308073
202203120943308074
202203120943308078
202203120943308323
202203120943308324
202203120943308328
20220312094330859
20220312094331109
20220312094331359
20220312094331609
20220312094331859
20220312094332109
20220312094332359
20220312094332609
20220312094332859
20220312094333109
202203120943386881
202203120943386883
202203120943387133
202203120943387381
202203120943387383
202203120943387631
202203120943387633
202203120943387881
202203120943387883
202203120943388131
202203120943388381
202203120943388633
202203120943388881
202203120943388883
202203120943389131
202203120943389133
20220312094338940
20220312094339190
20220312094339440
20220312094339940
20220312094340190
20220312094340440
20220312094340690
20220312094340940
20220312094341190
202203120943555850
202203120943555854
202203120943556100
202203120943556102
202203120943556104
202203120943556350
202203120943556354
202203120943556600
202203120943556604
202203120943556850
202203120943556852
202203120943556854
202203120943557102
202203120943557104
202203120943557350
202203120943557352
202203120943557354
202203120943557602
202203120943557604
202203120943557850
202203120943557852
202203120943557854
202203120943558100
202203120943558102
202203120943558104
202203120944039221
202203120944039224
202203120944039225
202203120944039471
202203120944039475
202203120944039721
202203120944039724
202203120944039726
202203120944039974
202203120944039975
202203120944039976
202203120944040221
202203120944040224
202203120944040225
202203120944040226
202203120944040474
202203120944040475
202203120944040476
202203120944040721
202203120944040724
202203120944040726
202203120944040971
202203120944040974
202203120944040975
202203120944040976
202203120944041225
202203120944041226
202203120944041474
202203120944041475
202203120944041476
20220312094404174
20220312094404424
20220312094404674
20220312094404924
20220312094405174
20220312094405424
20220312094405674
20220312094405924
20220312094406424
202203120944115871
202203120944116121
202203120944116371
202203120944116373
202203120944116621
202203120944116623
202203120944116871
202203120944117121
202203120944117123
202203120944117373
202203120944117621
202203120944117623
202203120944117871
202203120944117873
20220312094411839
20220312094412089
20220312094412339
20220312094412589
20220312094412839
20220312094413339
20220312094413589
20220312094414089
202203120944169951
202203120944169952
202203120944169953
202203120944170201
202203120944170202
202203120944170203
202203120944170451
202203120944170453
202203120944170701
202203120944170702
202203120944170703
202203120944170951
202203120944170952
202203120944171201
202203120944171202
202203120944171203
202203120944171451
202203120944171453
202203120944171701
202203120944171702
202203120944171951
202203120944171952
202203120944171953
202203120944172201
202203120944172202
202203120944172203
202203120944233951
202203120944233952
202203120944233953
202203120944234201
202203120944234203
202203120944234451
202203120944234452
202203120944234453
202203120944234701
202203120944234702
202203120944234703
202203120944234953
202203120944235201
202203120944235202
202203120944235203
202203120944235451
202203120944235452
202203120944235453
202203120944235701
202203120944235702
202203120944235703
202203120944236201
202203120944236202
202203120944236203
20220312094423647
20220312094423897
20220312094424397
20220312094424647
20220312094424897
20220312094425647
202203120944287481
202203120944287482
202203120944287483
202203120944287731
202203120944287733
202203120944287981
202203120944287982
202203120944287983
202203120944288231
202203120944288232
202203120944288233
202203120944288481
202203120944288482
202203120944288483
202203120944288733
202203120944289232
202203120944289233
202203120944289481
202203120944289482
202203120944289483
202203120944289731
202203120944289732
202203120944381481
202203120944381731
202203120944381981
202203120944382481
202203120944382731
202203120944383231
202203120944383481
202203120944383731
20220312094438402
20220312094438900
20220312094439150
20220312094439400
20220312094439402
20220312094439652
20220312094439900
20220312094440150
20220312094440152
20220312094440400
20220312094440402
20220312094440650
Image_20211019141641841
Image_202203120906118623
Image_202203120906118624
Image_202203120906118625
Image_202203120906118626
Image_202203120906118627
Image_202203120906118628
Image_202203120906118629
Image_20220312090611863
Image_202203120906118631
Image_202203120906118632
Image_202203120906118633
Image_202203120906118634
Image_202203120906118636
Image_202203120906118637
Image_202203120906118641
Image_202203120906118642
Image_202203120906118643
Image_202203120906118645
Image_202203120906118646
Image_20220312090625840
Image_20220312090633056
Image_202203120906330571
Image_202203120906330572
Image_202203120906330573
Image_202203120906330578
Image_202203120906330598
Image_20220312090640449
Image_20220312090648417
Image_20220312090656370
Image_20220312091428458
Image_202203120914284582
Image_2022031209142845823
Image_2022031209142845824
Image_20220312091437066
Image_202203120914370661
Image_2022031209143706612
Image_20220312091912662
Image_202203120919126624
Image_20220312091930967
Image_202203120919309671
Image_20220312091938903
Image_202203120919389031
Image_20220312091947392
Image_20220312091955472
Image_20220312092036092
Image_20220312092045004
Image_202203120920450042
Image_2022031209204500423
Image_202203120920583252
Image_20220312092107629
Image_20220312092115870
Image_202203120921158701
Image_20220312092123702
Image_202203120921237021
Image_20220312092220531
Image_202203120922205311
Image_20220312092345424
Image_202203120923454241
Image_20220312092357065
Image_202203120924106741
Image_20220312092442405
Image_20220312092507054
Image_20220312092520855
Image_202203120925208552
Image_20220312092529871
Image_202203120925298714
Image_20220312092537696
Image_202203120925495941
Image_202203120926273244
Image_20220312092634076
Image_202203120926340763
Image_20220312092640300
Image_202203120926403001
Image_202203120926539191
Image_20220312092704071
Image_202203120927105525
Image_20220312092756730
Image_20220312092805106
Image_20220312092813923
Image_202203120928139232
Image_20220312092822844
Image_202203120928228441
Image_202203120928228443
Image_20220312092831125
Image_202203120928311253
Image_202203120929276401
Image_202203120929276403
Image_20220312092942170
Image_202203120929421702
Image_2022031209294217024
Image_2022031209295029012
Image_202203120929502905
Image_20220312092959299
Image_202203120929592992
Image_202203120929592993
Image_20220312093007971
Image_202203120930079714
Image_20220312093023420
Image_202203120930234201
Image_202203120930234204
Image_202203120930299971
Image_202203120930299974
Image_20220312093040645
Image_202203120930406451
Image_20220312093104736
Image_202203120931047364
Image_20220312093112592
Image_20220312093120529
Image_202203120931205291
Image_2022031209312052914
Image_20220312093130993
Image_202203120931309937
Image_20220312093141154
Image_20220312093146106
Image_202203120931461062
Image_2022031209314610624
Image_20220312093154850
Image_202203120931548503
Image_2022031209315485034
Image_2022031209315485037
Image_20220312093245294
Image_202203120932452943
Image_202203120932452945
Image_20220312093617541
Image_2022031209361754112
Image_20220312093800836
Image_202203120938008364
Image_20220312093814229
Image_202203120938142291
Image_2022031209381422913
Image_20220312093832134
Image_20220312093843687
Image_202203120938436873
Image_20220312093900505
Image_202203120939005054
Image_202203120939005056
Image_202203120939076654
Image_202203120939076655
Image_202203120939142661
Image_20220312093923602
Image_202203120939236025
Image_202203120939236026
Image_20220312093930579
Image_202203120939305793
Image_202203120939305794
Image_20220312094030607
Image_202203120940306071
Image_202203120940522642
Image_202203120940522643
Image_20220312094059065
Image_202203120940590651
Image_202203120940590652
Image_202203120940590653
Image_202203120940590654
Image_202203120941120253
Image_202203120941120254
Image_20220312094119402
Image_202203120941194023
Image_20220312094126259
Image_202203120941262592
Image_202203120941262594
Image_20220312094134740
Image_202203120941347401
Image_202203120941347403
Image_20220312094142524
Image_202203120941425242
Image_202203120941425244
Image_20220312094148572
Image_202203120941485721
Image_202203120941485723
Image_202203120941554773
Image_202203120941554774
Image_20220312094202173
Image_202203120942021731
Image_202203120942021733
Image_202203120942021734
Image_202203120942130391
Image_202203120942130392
Image_202203120942130393
Image_202203120942130395
Image_20220312094233591
Image_202203120942335911
Image_2022031209423359112
Image_2022031209423359115
Image_20220312094241543
Image_202203120942415432
Image_2022031209424154326
Image_20220312094254241
Image_202203120942542412
Image_202203120942542413
Image_202203120942542415
Image_202203120942542416
Image_20220312094301618
Image_202203120943016181
Image_20220312094323395
Image_202203120943233952
Image_20220312094330579
Image_202203120943305793
Image_202203120943305794
Image_202203120943305798
Image_20220312094338660
Image_202203120943386603
Image_202203120943555572
Image_202203120944038941
Image_202203120944038945
Image_202203120944038946
Image_20220312094411559
Image_202203120944115591
Image_202203120944115593
Image_202203120944169671
Image_202203120944169672
Image_20220312094423367
Image_202203120944233671
Image_202203120944233672
Image_202203120944233673
Image_202203120944287201
Image_202203120944287202
Image_202203120944287203
Image_20220312094438120
Image_202203120944381201
Image_20220312094438122